4.00778
5.16174
6.86198
3.97474
0.514974
3.01369
1.42679
2.47654
3.99254
0.615555
0.327438
1.45193
0.186641
1.81678
0.0262238
0.930915
0.178727
4.11694
0.641034
0.0749766
1.13168
0.132616
0.389695
1.44577
1.03302
0.558882
0.486929
0.402745
1.33851
0.418956
0.206624
0.168536
0.0396129
0.597502
0.0137808
1.87598
0.299118
1.01816
0.391514
2.97637
2.66296
1.29364
0.146834
3.70309
0.421287
0.428563
2.15194
0.597516
1.16215
0.315929
2.29501
0.00632417
2.28788
0.321178
0.107249
1.50641
1.9041
1.0479
0.322669
0.550945
0.102574
0.222601
1.77374
2.45071
0.26365
0.379974
0.202084
1.05619
1.00497
0.887659
0.65194
1.20171
0.0424208
2.06137
1.81666
0.489674
0.462683
0.139452
2.15585
0.125821
0.195502
2.90354
0.208161
0.0301867
0.86927
0.401538
0.0827581
1.82135
0.360568
0.253461
0.501443
0.279686
0.252435
0.996921
0.00582139
0.651594
1.43998
0.0668146
1.59684
0.753634
0.0243116
1.50109
1.70479
0.147008
0.762208
0.340233
0.536507
3.43363
1.39263
1.61128
0.938178
0.334865
5.63878
3.32159
0.241558
0.402742
0.0843133
1.9944
0.106668
0.146097
0.792131
0.487115
0.369098
0.229992
0.307641
0.550722
0.934129
1.75164
0.357835
0.0425776
0.275854
0.166884
0.26799
1.81535
0.375408
0.080375
0.0278149
6.05398
0.349634
1.92019
0.163577
1.24152
1.12078
0.281423
1.62666
0.61049
0.106178
0.492108
0.507683
0.137673
1.11836
1.09906
0.489367
0.496862
0.529983
1.18437
0.235311
0.668344
0.326044
1.22574
1.13227
0.436071
0.403201
1.53316
1.90194
0.32633
1.42143
0.709344
0.0880229
0.325549
0.735341
0.230359
2.98415
1.18364
9.89199
0.830396
0.0869915
0.76631
0.0214911
0.165459
4.50208
0.0729579
0.899325
0.323618
3.18332
1.00067
3.22305
0.28277
0.264285
0.272603
0.162836
0.419305
2.77536
0.263215
5.02421
0.601809
1.30262
0.0183879
0.426173
1.02581
0.440598
1.96567
0.305779
0.0502629
0.0233106
0.112681
0.156333
0.183477
1.42034
2.17706
0.224256
0.480073
0.954634
0.0303554
0.191056
0.801928
0.104453
0.644172
1.45813
0.130591
3.23619
4.47107
0.492145
0.74066
0.112497
0.893539
0.486939
0.736339
0.43802
1.24164
0.900731
0.703771
1.05474
0.18223
2.54241
6.33868
0.64907
3.06195
1.83401
1.92478
0.00429927
2.93877
0.270111
2.01487
0.293021
0.271883
3.81714
2.05369
0.0956773
