72.6471
1.26631
5.91468
3.71188
0.214699
1.34893
3.38249
1.02924
2.58229
2.3107
3.52911
0.19907
1.53009
4.60201
1.54994
6.4608
4.30677
3.06234
2.51415
2.04413
2.53463
0.862247
1.53227
0.483123
2.45477
9.16526
0.152124
1.30695
3.26507
1.99334
1.18129
0.917173
0.502637
2.80285
1.48457
2.35137
0.416723
0.743426
0.14726
0.847551
3.32872
0.323156
1.11025
0.656264
0.7679
2.30508
7.80191
2.97299
5.23081
9.97416
4.75127
2.90605
1.81643
1.25422
0.771669
1.62069
3.04591
6.67573
0.99665
1.95315
0.168065
5.25011
6.44889
2.26149
2.20299
5.77528
1.82849
2.98173
3.1393
10.2859
2.76235
5.38322
2.32462
1.19012
0.324472
2.23045
1.65755
2.72114
0.674941
0.970605
3.70013
5.25903
0.939043
1.52148
0.721137
4.80031
0.245947
2.95672
0.201483
0.486037
1.84445
1.20278
2.04715
2.77908
1.31037
1.46639
4.87434
4.07246
1.56113
2.66613
3.07123
3.84265
0.808124
2.1255
1.10753
2.21524
1.77715
1.85951
0.339123
1.53149
3.12588
3.08541
2.66982
1.38247
1.81353
0.735861
0.362235
2.03239
2.22547
2.03784
2.50077
4.22012
1.43981
3.52543
3.45394
0.882256
0.38459
1.21346
1.51765
2.91737
0.224587
0.304561
3.91887
0.292496
0.027063
4.13803
6.06
2.46708
2.40998
2.2308
1.33322
5.33033
1.45105
0.624674
3.49727
0.141163
0.153518
1.34397
1.94728
0.0949512
2.86613
1.84812
5.7774
0.889477
2.05812
1.64723
0.610061
1.36382
2.28053
1.66035
1.54295
2.73439
2.63413
0.35479
2.20917
0.672985
1.89306
2.93846
7.31369
0.602957
0.480213
0.80923
2.68701
1.14747
4.62196
1.98254
1.97647
1.77861
5.73985
2.12486
0.848984
1.96043
2.65143
0.960537
2.27503
2.90351
0.166414
1.93525
1.32844
5.59526
0.132621
9.87099
2.58178
0.270817
1.3649
1.19837
2.05348
1.55965
5.04499
2.80628
2.80077
1.96271
6.54303
7.2694
0.266986
0.565857
2.81096
2.11939
1.11804
0.684094
8.4778
2.08553
0.96666
3.20846
3.91222
1.14498
4.2654
1.04795
2.77321
5.44961
0.9725
5.01679
4.70364
1.41115
0.562143
4.21197
2.6918
4.70123
1.6585
0.816045
0.0266056
0.519455
0.168264
6.59014
6.11762
0.324352
1.19308
0.358186
1.20901
0.349599
2.20263
8.08638
0.496947
6.17788
3.33141
2.89927
6.80097
1.70409
0.86315
